$ANSIBLE_VAULT;1.1;AES256
31306463636462396536353230333334613035343466323637393538613238646131396634306338
6634656137626361313662333530623263303064343264300a353866383839353938383639636237
38316131316235633532653535313538336264373533353064376162633864653730336562613666
3737323361303635310a393164663037316434623664323266363562326465656636663031366334
63623562356438626134343231386363633032373335313737616332633234303032636133303736
33343332316662303461613031383530616630616537643166306261356635646163613038313434
30386136306131653931656538333934646666623632363466643139376532303835343263613963
61663336313365646137363433323865353234636536356230323734376438643931393364383734
62376665643134653432646433613337396562626661613332323366623963353465306435356234
36636539366136616566386631336238373137356130393537663739323539363431343339346466
65653865343135613762336166396635663230653832383661316264366166653964356666643466
30323061393566393937353362636337396562343831636461306133623662306237306333663438
35396264313365363233333738663766323466613938333336343761333261323138396539623638
66656137636266326338653639386436313439326264613333303638333866316532396639313262
33396461646264303061643965336438306534386464666631316162346134363339663966363934
36623232376439323831306661663133653238643331376234373737656138363165366661646564
39353937623734373737366364626361313834313361376632636434303266656232363961343830
66316364613362316634636339373662373037376163373466316561303634643538353633313232
33643064346434616633333262333433353862626462373562356365383663333465643438396264
38326436393237613864366466396463646535373834376266366332383166623433396235346439
31323663376265343133636561373239323164636439326139666439353438666563613063383663
3939353364333865353130343639306537333135386461353232
