$ANSIBLE_VAULT;1.1;AES256
64616231323338373133666635623466626230373631306332393130303266613061323634336132
3330626466393864646339376165616332366263326539380a313339396466643765653462303561
32336264323438343039316333656439393039393431313232333263376133646332643030363962
3363376432363538610a613632396234653238343462343566353965653461323630393061376335
31613566626135333864343663633536373230306332643239306266353432343631366464333265
61313539303431356564306663323034373137393139666166366639306664653238363762356433
30333436623738373235306232633932616233383333376132323838633938343163373364633434
66613633616162373465363337376363636438653430303865353165386530303066313936623735
64353137656433323333316162383862346361643737373933303331303865666465386463376466
39326437336635653539343635353431393238643463653565643335626638303064376439343732
33383662313765356566613164626665666162383437323531313437653939626339306535633737
33306335376335373834633837313134343166326262643664643635366538353335323862613434
38393530373963616664383136343431313731623439343862386366623237663062666463616636
63343164373735653964323531333631643335303261633439616332306361383438366362613566
306539366236313336356336326364396131
